 # step, time, energy, temperature, pressure, virial, density
           0   0.0000000000000000        4.6310659398978498E-003   250.00000000000000        1.5843950697461185E-005  -7.3145178289646634E-004   1.9973999999999999E-002
           1   4.9999998263542276        4.6318172809567092E-003   249.97436955953904        1.5842071276945400E-005  -7.2525509455378999E-004   1.9973999999999999E-002
           2   9.9999996527084551        4.6325635780840651E-003   249.94776264704078        1.5840126690965418E-005  -7.1897681088397148E-004   1.9973999999999999E-002
           3   14.999999479062684        4.6333048065169830E-003   249.92022210429442        1.5838119801347790E-005  -7.1262057788416485E-004   1.9973999999999999E-002
           4   19.999999305416910        4.6340409431444261E-003   249.89179079426665        1.5836053472926674E-005  -7.0619008158475597E-004   1.9973999999999999E-002
           5   24.999999131771141        4.6347719664829633E-003   249.86251154146012        1.5833930569569389E-005  -6.9968904320410542E-004   1.9973999999999999E-002
           6   29.999998958125367        4.6354978566521031E-003   249.83242707339625        1.5831753950268484E-005  -6.9312121419241900E-004   1.9973999999999999E-002
           7   34.999998784479594        4.6362185953493038E-003   249.80157996334992        1.5829526465309078E-005  -6.8649037118250899E-004   1.9973999999999999E-002
           8   39.999998610833821        4.6369341658246774E-003   249.77001257445642        1.5827250952519920E-005  -6.7980031086570030E-004   1.9973999999999999E-002
           9   44.999998437188047        4.6376445528554079E-003   249.73776700530476        1.5824930233616102E-005  -6.7305484481148463E-004   1.9973999999999999E-002
          10   49.999998263542281        4.6383497427199228E-003   249.70488503712733        1.5822567110641181E-005  -6.6625779424972357E-004   1.9973999999999999E-002
          11   54.999998089896508        4.6390497231718411E-003   249.67140808268618        1.5820164362515871E-005  -6.5941298483426769E-004   1.9973999999999999E-002
          12   59.999997916250734        4.6397444834137182E-003   249.63737713695130        1.5817724741700069E-005  -6.5252424140680083E-004   1.9973999999999999E-002
          13   64.999997742604961        4.6404340140706272E-003   249.60283272965788        1.5815250970974529E-005  -6.4559538277951783E-004   1.9973999999999999E-002
          14   69.999997568959188        4.6411183071635815E-003   249.56781487982130        1.5812745740347919E-005  -6.3863021655492639E-004   1.9973999999999999E-002
          15   74.999997395313414        4.6417973560828520E-003   249.53236305228197        1.5810211704094562E-005  -6.3163253400064104E-004   1.9973999999999999E-002
          16   79.999997221667641        4.6424711555611581E-003   249.49651611634172        1.5807651477927489E-005  -6.2460610499649543E-004   1.9973999999999999E-002
          17   84.999997048021868        4.6431397016468050E-003   249.46031230654867        1.5805067636311098E-005  -6.1755467307065669E-004   1.9973999999999999E-002
          18   89.999996874376095        4.6438029916767579E-003   249.42378918567564        1.5802462709916944E-005  -6.1048195054071402E-004   1.9973999999999999E-002
          19   94.999996700730321        4.6444610242496855E-003   249.38698360993104        1.5799839183225746E-005  -6.0339161377488302E-004   1.9973999999999999E-002
          20   99.999996527084562        4.6451137991989919E-003   249.34993169643204        1.5797199492278072E-005  -5.9628729858762449E-004   1.9973999999999999E-002
          21   104.99999635343879        4.6457613175658547E-003   249.31266879296174        1.5794546022575700E-005  -5.8917259578298849E-004   1.9973999999999999E-002
          22   109.99999617979302        4.6464035815723011E-003   249.27522945002457        1.5791881107134952E-005  -5.8205104685804575E-004   1.9973999999999999E-002
          23   114.99999600614724        4.6470405945943276E-003   249.23764739520470        1.5789207024692901E-005  -5.7492613987771490E-004   1.9973999999999999E-002
          24   119.99999583250147        4.6476723611350804E-003   249.19995550982628        1.5786525998066739E-005  -5.6780130553121995E-004   1.9973999999999999E-002
          25   124.99999565885570        4.6482988867981327E-003   249.16218580790562        1.5783840192666025E-005  -5.6067991337933551E-004   1.9973999999999999E-002
          26   129.99999548520992        4.6489201782608592E-003   249.12436941737883        1.5781151715157198E-005  -5.5356526830047299E-004   1.9973999999999999E-002
          27   134.99999531156413        4.6495362432479263E-003   249.08653656358121        1.5778462612279088E-005  -5.4646060714252345E-004   1.9973999999999999E-002
          28   139.99999513791838        4.6501470905049276E-003   249.04871655494824        1.5775774869807740E-005  -5.3936909558630910E-004   1.9973999999999999E-002
          29   144.99999496427259        4.6507527297721561E-003   249.01093777090105        1.5773090411668440E-005  -5.3229382522534648E-004   1.9973999999999999E-002
          30   149.99999479062683        4.6513531717585505E-003   248.97322765187559        1.5770411099192546E-005  -5.2523781086558671E-004   1.9973999999999999E-002
          31   154.99999461698104        4.6519484281158235E-003   248.93561269144612        1.5767738730515988E-005  -5.1820398804769820E-004   1.9973999999999999E-002
          32   159.99999444333528        4.6525385114127736E-003   248.89811843049097        1.5765075040116352E-005  -5.1119521079346795E-004   1.9973999999999999E-002
          33   164.99999426968949        4.6531234351098131E-003   248.86076945334295        1.5762421698484847E-005  -5.0421424957687491E-004   1.9973999999999999E-002
          34   169.99999409604374        4.6537032135336989E-003   248.82358938586222        1.5759780311929190E-005  -4.9726378951944219E-004   1.9973999999999999E-002
          35   174.99999392239795        4.6542778618525174E-003   248.78660089536734        1.5757152422503359E-005  -4.9034642880857698E-004   1.9973999999999999E-002
          36   179.99999374875219        4.6548473960508797E-003   248.74982569235328        1.5754539508059557E-005  -4.8346467733672682E-004   1.9973999999999999E-002
          37   184.99999357510640        4.6554118329053930E-003   248.71328453392667        1.5751942982417881E-005  -4.7662095555838299E-004   1.9973999999999999E-002
          38   189.99999340146064        4.6559711899603782E-003   248.67699722888284        1.5749364195648765E-005  -4.6981759356119621E-004   1.9973999999999999E-002
          39   194.99999322781485        4.6565254855038662E-003   248.64098264434782        1.5746804434463122E-005  -4.6305683034677148E-004   1.9973999999999999E-002
          40   199.99999305416912        4.6570747385438604E-003   248.60525871390718        1.5744264922705128E-005  -4.5634081331605514E-004   1.9973999999999999E-002
          41   204.99999288052334        4.6576189687849000E-003   248.56984244714246        1.5741746821942240E-005  -4.4967159795364863E-004   1.9973999999999999E-002
          42   209.99999270687758        4.6581581966049120E-003   248.53474994049409        1.5739251232147217E-005  -4.4305114770483667E-004   1.9973999999999999E-002
          43   214.99999253323179        4.6586924430323589E-003   248.49999638936950        1.5736779192466628E-005  -4.3648133403866095E-004   1.9973999999999999E-002
          44   219.99999235958603        4.6592217297237067E-003   248.46559610141534        1.5734331682070459E-005  -4.2996393668993135E-004   1.9973999999999999E-002
          45   224.99999218594024        4.6597460789411845E-003   248.43156251087166        1.5731909621077299E-005  -4.2350064407272608E-004   1.9973999999999999E-002
          46   229.99999201229448        4.6602655135308899E-003   248.39790819392849        1.5729513871549741E-005  -4.1709305385761422E-004   1.9973999999999999E-002
          47   234.99999183864870        4.6607800569011997E-003   248.36464488500326        1.5727145238554551E-005  -4.1074267370457712E-004   1.9973999999999999E-002
          48   239.99999166500294        4.6612897330015144E-003   248.33178349385983        1.5724804471282186E-005  -4.0445092214341669E-004   1.9973999999999999E-002
          49   244.99999149135715        4.6617945663013404E-003   248.29933412349214        1.5722492264220488E-005  -3.9821912959327340E-004   1.9973999999999999E-002
          50   249.99999131771139        4.6622945817696923E-003   248.26730608869431        1.5720209258377233E-005  -3.9204853951278014E-004   1.9973999999999999E-002
          51   254.99999114406560        4.6627898048548534E-003   248.23570793524377        1.5717956042546554E-005  -3.8594030967231257E-004   1.9973999999999999E-002
          52   259.99999097041984        4.6632802614644626E-003   248.20454745962329        1.5715733154614178E-005  -3.7989551353978632E-004   1.9973999999999999E-002
          53   264.99999079677406        4.6637659779459615E-003   248.17383172921203        1.5713541082896706E-005  -3.7391514177146219E-004   1.9973999999999999E-002
          54   269.99999062312827        4.6642469810673623E-003   248.14356710287470        1.5711380267510083E-005  -3.6800010379929425E-004   1.9973999999999999E-002
          55   274.99999044948254        4.6647232979983872E-003   248.11375925188526        1.5709251101762943E-005  -3.6215122950643307E-004   1.9973999999999999E-002
          56   279.99999027583675        4.6651949562919459E-003   248.08441318111909        1.5707153933570216E-005  -3.5636927098264110E-004   1.9973999999999999E-002
          57   284.99999010219096        4.6656619838659633E-003   248.05553325045292        1.5705089066882897E-005  -3.5065490435150600E-004   1.9973999999999999E-002
          58   289.99998992854518        4.6661244089855501E-003   248.02712319631323        1.5703056763129867E-005  -3.4500873166154488E-004   1.9973999999999999E-002
          59   294.99998975489945        4.6665822602455333E-003   247.99918615331794        1.5701057242667950E-005  -3.3943128283347480E-004   1.9973999999999999E-002
          60   299.99998958125366        4.6670355665533311E-003   247.97172467595729        1.5699090686236464E-005  -3.3392301765615895E-004   1.9973999999999999E-002
          61   304.99998940760787        4.6674843571121736E-003   247.94474076026353        1.5697157236412827E-005  -3.2848432782397552E-004   1.9973999999999999E-002
          62   309.99998923396208        4.6679286614046819E-003   247.91823586542179        1.5695256999065829E-005  -3.2311553900861781E-004   1.9973999999999999E-002
          63   314.99998906031635        4.6683685091767737E-003   247.89221093527638        1.5693390044803486E-005  -3.1781691295860212E-004   1.9973999999999999E-002
          64   319.99998888667056        4.6688039304219418E-003   247.86666641969217        1.5691556410412596E-005  -3.1258864962004128E-004   1.9973999999999999E-002
          65   324.99998871302478        4.6692349553658502E-003   247.84160229572919        1.5689756100287102E-005  -3.0743088927253216E-004   1.9973999999999999E-002
          66   329.99998853937899        4.6696616144512888E-003   247.81701808859560        1.5687989087842822E-005  -3.0234371467430536E-004   1.9973999999999999E-002
          67   334.99998836573326        4.6700839383234660E-003   247.79291289234476        1.5686255316916177E-005  -2.9732715321108299E-004   1.9973999999999999E-002
          68   339.99998819208747        4.6705019578156251E-003   247.76928539028367        1.5684554703144570E-005  -2.9238117904339364E-004   1.9973999999999999E-002
          69   344.99998801844168        4.6709157039350191E-003   247.74613387506659        1.5682887135326567E-005  -2.8750571524740863E-004   1.9973999999999999E-002
          70   349.99998784479590        4.6713252078491958E-003   247.72345626844489        1.5681252476759915E-005  -2.8270063594465413E-004   1.9973999999999999E-002
          71   354.99998767115017        4.6717305008726340E-003   247.70125014065192        1.5679650566555793E-005  -2.7796576841627053E-004   1.9973999999999999E-002
          72   359.99998749750438        4.6721316144536784E-003   247.67951272939860        1.5678081220927639E-005  -2.7330089519778301E-004   1.9973999999999999E-002
          73   364.99998732385859        4.6725285801618296E-003   247.65824095846446        1.5676544234453426E-005  -2.6870575615064578E-004   1.9973999999999999E-002
          74   369.99998715021280        4.6729214296753309E-003   247.63743145586344        1.5675039381309911E-005  -2.6418005050710971E-004   1.9973999999999999E-002
          75   374.99998697656707        4.6733101947690836E-003   247.61708057157253        1.5673566416478015E-005  -2.5972343888525421E-004   1.9973999999999999E-002
          76   379.99998680292128        4.6736949073028743E-003   247.59718439480918        1.5672125076918266E-005  -2.5533554527129121E-004   1.9973999999999999E-002
          77   384.99998662927550        4.6740755992099019E-003   247.57773877084688        1.5670715082715593E-005  -2.5101595896652809E-004   1.9973999999999999E-002
          78   389.99998645562971        4.6744523024856302E-003   247.55873931736090        1.5669336138192796E-005  -2.4676423649663002E-004   1.9973999999999999E-002
          79   394.99998628198398        4.6748250491769235E-003   247.54018144029601        1.5667987932992128E-005  -2.4257990348107374E-004   1.9973999999999999E-002
          80   399.99998610833825        4.6751938713714891E-003   247.52206034925118        1.5666670143124619E-005  -2.3846245646093035E-004   1.9973999999999999E-002
          81   404.99998593469240        4.6755588011876152E-003   247.50437107237772        1.5665382431986778E-005  -2.3441136468334604E-004   1.9973999999999999E-002
          82   409.99998576104667        4.6759198707641975E-003   247.48710847078814        1.5664124451344498E-005  -2.3042607184130379E-004   1.9973999999999999E-002
          83   414.99998558740089        4.6762771122510448E-003   247.47026725247414        1.5662895842284005E-005  -2.2650599776747839E-004   1.9973999999999999E-002
          84   419.99998541375516        4.6766305577994795E-003   247.45384198573575        1.5661696236129935E-005  -2.2265054008117107E-004   1.9973999999999999E-002
          85   424.99998524010931        4.6769802395532070E-003   247.43782711212123        1.5660525255330444E-005  -2.1885907578752842E-004   1.9973999999999999E-002
          86   429.99998506646358        4.6773261896394533E-003   247.42221695888122        1.5659382514309626E-005  -2.1513096282841480E-004   1.9973999999999999E-002
          87   434.99998489281779        4.6776684401603893E-003   247.40700575094132        1.5658267620287393E-005  -2.1146554158447359E-004   1.9973999999999999E-002
          88   439.99998471917206        4.6780070231847984E-003   247.39218762239670        1.5657180174067109E-005  -2.0786213632808815E-004   1.9973999999999999E-002
          89   444.99998454552622        4.6783419707400161E-003   247.37775662753452        1.5656119770791274E-005  -2.0432005662708531E-004   1.9973999999999999E-002
          90   449.99998437188049        4.6786733148041276E-003   247.36370675139150        1.5655086000665775E-005  -2.0083859869917127E-004   1.9973999999999999E-002
          91   454.99998419823470        4.6790010872984084E-003   247.35003191985211        1.5654078449653023E-005  -1.9741704671722191E-004   1.9973999999999999E-002
          92   459.99998402458897        4.6793253200800161E-003   247.33672600929575        1.5653096700134513E-005  -1.9405467406565966E-004   1.9973999999999999E-002
          93   464.99998385094312        4.6796460449349203E-003   247.32378285580134        1.5652140331543398E-005  -1.9075074454826782E-004   1.9973999999999999E-002
          94   469.99998367729739        4.6799949234038497E-003   247.31286091578997        1.5651314216680889E-005  -1.8750451354789243E-004   1.9973999999999999E-002
          95   474.99998350365161        4.6803715434097191E-003   247.30393169929937        1.5650616527181183E-005  -1.8431535071072199E-004   1.9973999999999999E-002
          96   479.99998333000588        4.6807439267642194E-003   247.29530427401977        1.5649940273152042E-005  -1.8118249190339118E-004   1.9973999999999999E-002
          97   484.99998315636003        4.6811121171290429E-003   247.28697299018793        1.5649285065175409E-005  -1.7810516796122920E-004   1.9973999999999999E-002
          98   489.99998298271430        4.6814761578553099E-003   247.27893218822629        1.5648650513043151E-005  -1.7508260565682907E-004   1.9973999999999999E-002
          99   494.99998280906851        4.6818360919816905E-003   247.27117620564647        1.5648036226232250E-005  -1.7211402862406418E-004   1.9973999999999999E-002
         100   499.99998263542278        4.6821919622326647E-003   247.26369938357641        1.5647441814354315E-005  -1.6919865823843946E-004   1.9973999999999999E-002
         101   504.99998246177694        4.6825438110169315E-003   247.25649607292246        1.5646866887580290E-005  -1.6633571445471128E-004   1.9973999999999999E-002
         102   509.99998228813121        4.6828916804259567E-003   247.24956064017704        1.5646311057040964E-005  -1.6352441660274835E-004   1.9973999999999999E-002
         103   514.99998211448542        4.6832356122326491E-003   247.24288747288242        1.5645773935204030E-005  -1.6076398414264370E-004   1.9973999999999999E-002
         104   519.99998194083969        4.6835756478901761E-003   247.23647098476326        1.5645255136228561E-005  -1.5805363738011723E-004   1.9973999999999999E-002
         105   524.99998176719384        4.6839118285309043E-003   247.23030562053694        1.5644754276297466E-005  -1.5539259814327275E-004   1.9973999999999999E-002
         106   529.99998159354811        4.6842441949654654E-003   247.22438586041474        1.5644270973928854E-005  -1.5278009042179037E-004   1.9973999999999999E-002
         107   534.99998141990227        4.6845727876819359E-003   247.21870622430291        1.5643804850266867E-005  -1.5021534096965519E-004   1.9973999999999999E-002
         108   539.99998124625654        4.6848976468451447E-003   247.21326127571626        1.5643355529352885E-005  -1.4769757987252868E-004   1.9973999999999999E-002
         109   544.99998107261081        4.6852112763031608E-003   247.21165093663720        1.5644722177198333E-005  -1.8294177338735196E-004   1.9973999999999999E-002
         110   549.99998089896508        4.6855288082039296E-003   247.21395460991477        1.5644801163392255E-005  -1.8134025070528327E-004   1.9973999999999999E-002
         111   554.99998072531923        4.6858427394099317E-003   247.21664811702584        1.5644907466718209E-005  -1.7980253499881268E-004   1.9973999999999999E-002
         112   559.99998055167350        4.6861531086160226E-003   247.21973030889231        1.5645041001952217E-005  -1.7832832530057760E-004   1.9973999999999999E-002
         113   564.99998037802766        4.6864599541977586E-003   247.22320018497678        1.5645201693895316E-005  -1.7691733574475775E-004   1.9973999999999999E-002
         114   569.99998020438193        4.6867633142113141E-003   247.22705689714203        1.5645389477638919E-005  -1.7556929607665206E-004   1.9973999999999999E-002
         115   574.99998003073608        4.6870632263934656E-003   247.23129975327853        1.5645604298814192E-005  -1.7428395213146496E-004   1.9973999999999999E-002
         116   579.99997985709035        4.6873597281616771E-003   247.23592822070805        1.5645846113826077E-005  -1.7306106628297134E-004   1.9973999999999999E-002
         117   584.99997968344462        4.6876528566142835E-003   247.24094192936994        1.5646114890072278E-005  -1.7190041786269362E-004   1.9973999999999999E-002
         118   589.99997950979889        4.6879426485307452E-003   247.24634067479442        1.5646410606147599E-005  -1.7080180355017941E-004   1.9973999999999999E-002
         119   594.99997933615305        4.6882291403719956E-003   247.25212442086928        1.5646733252034024E-005  -1.6976503773492865E-004   1.9973999999999999E-002
         120   599.99997916250732        4.6885123682808656E-003   247.25829330240472        1.5647082829276899E-005  -1.6878995285047376E-004   1.9973999999999999E-002
         121   604.99997898886147        4.6887923680825946E-003   247.26484762750059        1.5647459351147408E-005  -1.6787639968106644E-004   1.9973999999999999E-002
         122   609.99997881521574        4.6890691752853935E-003   247.27178787971911        1.5647862842791690E-005  -1.6702424764138046E-004   1.9973999999999999E-002
         123   614.99997864156990        4.6893428250811197E-003   247.27911472006903        1.5648293341366880E-005  -1.6623338502958206E-004   1.9973999999999999E-002
         124   619.99997846792417        4.6896133523459723E-003   247.28682898880015        1.5648750896164068E-005  -1.6550371925407511E-004   1.9973999999999999E-002
         125   624.99997829427843        4.6898807916413094E-003   247.29493170701556        1.5649235568718641E-005  -1.6483517703416733E-004   1.9973999999999999E-002
         126   629.99997812063270        4.6901451772144807E-003   247.30342407809854        1.5649747432907815E-005  -1.6422770457485167E-004   1.9973999999999999E-002
         127   634.99997794698686        4.6904065429997557E-003   247.31230748895953        1.5650286575035730E-005  -1.6368126771584254E-004   1.9973999999999999E-002
         128   639.99997777334113        4.6906649226193028E-003   247.32158351110189        1.5650853093906004E-005  -1.6319585205494362E-004   1.9973999999999999E-002
         129   644.99997759969540        4.6909203493842207E-003   247.33125390150715        1.5651447100881796E-005  -1.6277146304577065E-004   1.9973999999999999E-002
         130   649.99997742604955        4.6911728562956390E-003   247.34132060334025        1.5652068719933415E-005  -1.6240812606979114E-004   1.9973999999999999E-002
         131   654.99997725240382        4.6914224760458510E-003   247.35178574647276        1.5652718087673347E-005  -1.6210588648258358E-004   1.9973999999999999E-002
         132   659.99997707875798        4.6916692410195263E-003   247.36265164782472        1.5653395353378725E-005  -1.6186480963415744E-004   1.9973999999999999E-002
         133   664.99997690511225        4.6919131832949485E-003   247.37392081152078        1.5654100679000963E-005  -1.6168498086311582E-004   1.9973999999999999E-002
         134   669.99997673146652        4.6921543346453119E-003   247.38559592886054        1.5654834239162522E-005  -1.6156650546438026E-004   1.9973999999999999E-002
         135   674.99997655782079        4.6923927265400617E-003   247.39767987809878        1.5655596221140569E-005  -1.6150950863013692E-004   1.9973999999999999E-002
         136   679.99997638417494        4.6926283901462772E-003   247.41017572403231        1.5656386824837241E-005  -1.6151413536360214E-004   1.9973999999999999E-002
         137   684.99997621052921        4.6928613563300961E-003   247.42308671738988        1.5657206262736308E-005  -1.6158055036514219E-004   1.9973999999999999E-002
         138   689.99997603688337        4.6930916556581805E-003   247.43641629401978        1.5658054759845856E-005  -1.6170893789022446E-004   1.9973999999999999E-002
         139   694.99997586323764        4.6933193183992120E-003   247.45016807387000        1.5658932553626685E-005  -1.6189950157861508E-004   1.9973999999999999E-002
         140   699.99997568959179        4.6935443745254393E-003   247.46434585975646        1.5659839893906045E-005  -1.6215246425417676E-004   1.9973999999999999E-002
         141   704.99997551594606        4.6937668537142376E-003   247.47895363591033        1.5660777042776134E-005  -1.6246806769456589E-004   1.9973999999999999E-002
         142   709.99997534230033        4.6939867853497226E-003   247.49399556630098        1.5661744274477164E-005  -1.6284657237006648E-004   1.9973999999999999E-002
         143   714.99997516865460        4.6942041985243814E-003   247.50947599272385        1.5662741875264183E-005  -1.6328825715074009E-004   1.9973999999999999E-002
         144   719.99997499500876        4.6943352432578522E-003   247.52123970324001        1.5661955587438213E-005  -1.2655893732959825E-004   1.9973999999999999E-002
         145   724.99997482136303        4.6943352487736510E-003   247.52934132030256        1.5662505471226998E-005  -1.2745713638378600E-004   1.9973999999999999E-002
         146   729.99997464771718        4.6943352545666230E-003   247.53799659889580        1.5663092922133779E-005  -1.2841643632107818E-004   1.9973999999999999E-002
         147   734.99997447407145        4.6943352606311529E-003   247.54720924566197        1.5663718189837153E-005  -1.2943720239873123E-004   1.9973999999999999E-002
         148   739.99997430042561        4.6943352669611520E-003   247.55698314237077        1.5664381535759523E-005  -1.3051981586493152E-004   1.9973999999999999E-002
         149   744.99997412677988        4.6943352735500368E-003   247.56732234220382        1.5665083232810577E-005  -1.3166467344392883E-004   1.9973999999999999E-002
         150   749.99997395313414        4.6943352803907080E-003   247.57823106573673        1.5665823565110114E-005  -1.3287218678236716E-004   1.9973999999999999E-002
         151   754.99997377948841        4.6943352874755425E-003   247.58971369660807        1.5666602827689306E-005  -1.3414278185563770E-004   1.9973999999999999E-002
         152   759.99997360584257        4.6943352947963653E-003   247.60177477686233        1.5667421326169714E-005  -1.3547689833303596E-004   1.9973999999999999E-002
         153   764.99997343219684        4.6943353023444255E-003   247.61441900195513        1.5668279376419104E-005  -1.3687498890048826E-004   1.9973999999999999E-002
         154   769.99997325855099        4.6942976500430819E-003   247.63099343383101        1.5667861159790678E-005  -1.0167625318714033E-004   1.9973999999999999E-002
         155   774.99997308490526        4.6942976632233192E-003   247.65143020344084        1.5669248661241105E-005  -1.0395136171281451E-004   1.9973999999999999E-002
         156   779.99997291125942        4.6942976764916509E-003   247.67232090468613        1.5670666926563055E-005  -1.0627569250796618E-004   1.9973999999999999E-002
         157   784.99997273761369        4.6942976898385821E-003   247.69367401331755        1.5672116527445267E-005  -1.0865009912078128E-004   1.9973999999999999E-002
         158   789.99997256396796        4.6942977032539456E-003   247.71549805974163        1.5673598039102015E-005  -1.1107543673943210E-004   1.9973999999999999E-002
         159   794.99997239032211        4.6942977167268611E-003   247.73780162284874        1.5675112039847213E-005  -1.1355256134047420E-004   1.9973999999999999E-002
         160   799.99997221667650        4.6942977302457251E-003   247.76059332340819        1.5676659110639023E-005  -1.1608232878628489E-004   1.9973999999999999E-002
         161   804.99997204303065        4.6942977437981689E-003   247.78388181701180        1.5678239834593715E-005  -1.1866559387008359E-004   1.9973999999999999E-002
         162   809.99997186938481        4.6942977573710496E-003   247.80767578655366        1.5679854796467953E-005  -1.2130320930711155E-004   1.9973999999999999E-002
         163   814.99997169573896        4.6942977709504086E-003   247.83198393422660        1.5681504582108214E-005  -1.2399602467059705E-004   1.9973999999999999E-002
         164   819.99997152209335        4.6942977845214643E-003   247.85681497302471        1.5683189777866574E-005  -1.2674488527118170E-004   1.9973999999999999E-002
         165   824.99997134844750        4.6942977980685722E-003   247.88217761773186        1.5684910969981623E-005  -1.2955063097855050E-004   1.9973999999999999E-002
         166   829.99997117480177        4.6942978115752159E-003   247.90808057538550        1.5686668743923690E-005  -1.3241409498407678E-004   1.9973999999999999E-002
         167   834.99997100115593        4.6942978250239650E-003   247.93453253519769        1.5688463683703263E-005  -1.3533610250338355E-004   1.9973999999999999E-002
         168   839.99997082751031        4.6942978383964721E-003   247.96154215792214        1.5690296371141794E-005  -1.3831746941780850E-004   1.9973999999999999E-002
         169   844.99997065386447        4.6942978516734419E-003   247.98911806465080        1.5692167385103860E-005  -1.4135900085387237E-004   1.9973999999999999E-002
         170   849.99997048021862        4.6942978648346059E-003   248.01726882502831        1.5694077300689872E-005  -1.4446148969996347E-004   1.9973999999999999E-002
         171   854.99997030657278        4.6942978778587155E-003   248.04600294487219        1.5696026688388556E-005  -1.4762571505958676E-004   1.9973999999999999E-002
         172   859.99997013292716        4.6942978907235124E-003   248.07532885318474        1.5698016113188296E-005  -1.5085244064065955E-004   1.9973999999999999E-002
         173   864.99996995928132        4.6942979034057175E-003   248.10525488854822        1.5700046133646781E-005  -1.5414241308050751E-004   1.9973999999999999E-002
         174   869.99996978563559        4.6942979158810160E-003   248.13578928489110        1.5702117300918185E-005  -1.5749636020636807E-004   1.9973999999999999E-002
         175   874.99996961198974        4.6942979281240464E-003   248.16694015661855        1.5704230157737447E-005  -1.6091498923141037E-004   1.9973999999999999E-002
         176   879.99996943834412        4.6942979401083810E-003   248.19871548309607        1.5706385237360965E-005  -1.6439898488646869E-004   1.9973999999999999E-002
         177   884.99996926469828        4.6942979518065277E-003   248.23112309248384        1.5708583062463531E-005  -1.6794900748791082E-004   1.9973999999999999E-002
         178   889.99996909105244        4.6942979631899168E-003   248.26417064491255        1.5710824143991011E-005  -1.7156569094228387E-004   1.9973999999999999E-002
         179   894.99996891740659        4.6942979742289042E-003   248.29786561500040        1.5713108979968753E-005  -1.7524964068864075E-004   1.9973999999999999E-002
         180   899.99996874376097        4.6942979848927638E-003   248.33221527370642        1.5715438054265416E-005  -1.7900143157970134E-004   1.9973999999999999E-002
         181   904.99996857011513        4.6942979951496936E-003   248.36722666952224        1.5717811835312536E-005  -1.8282160570328395E-004   1.9973999999999999E-002
         182   909.99996839646940        4.6942980049668225E-003   248.40290660900251        1.5720230774779801E-005  -1.8671067014574104E-004   1.9973999999999999E-002
         183   914.99996822282355        4.6942980143102157E-003   248.43926163663861        1.5722695306206457E-005  -1.9066909469944414E-004   1.9973999999999999E-002
         184   919.99996804917794        4.6942980231448952E-003   248.47629801408141        1.5725205843589325E-005  -1.9469730951668146E-004   1.9973999999999999E-002
         185   924.99996787553209        4.6942980314348508E-003   248.51402169872094        1.5727762779927980E-005  -1.9879570271267980E-004   1.9973999999999999E-002
         186   929.99996770188625        4.6942980391430659E-003   248.55243832163509        1.5730366485728091E-005  -2.0296461792082302E-004   1.9973999999999999E-002
         187   934.99996752824040        4.6942980462315407E-003   248.59155316491945        1.5733017307463703E-005  -2.0720435180349433E-004   1.9973999999999999E-002
         188   939.99996735459479        4.6942980526613279E-003   248.63137113841574        1.5735715565999833E-005  -2.1151515152237330E-004   1.9973999999999999E-002
         189   944.99996718094894        4.6942980583925594E-003   248.67189675585718        1.5738461554976636E-005  -2.1589721217239711E-004   1.9973999999999999E-002
         190   949.99996700730321        4.6942980633845020E-003   248.71313411045443        1.5741255539156893E-005  -2.2035067418401760E-004   1.9973999999999999E-002
         191   954.99996683365737        4.6942980675955927E-003   248.75508684994585        1.5744097752738491E-005  -2.2487562069879225E-004   1.9973999999999999E-002
         192   959.99996666001175        4.6942980709834964E-003   248.79775815114269        1.5746988397634082E-005  -2.2947207492378377E-004   1.9973999999999999E-002
         193   964.99996648636591        4.6942980735051616E-003   248.84115069400053        1.5749927641720103E-005  -2.3413999747066812E-004   1.9973999999999999E-002
         194   969.99996631272006        4.6942980751168888E-003   248.88526663525352        1.5752915617057828E-005  -2.3887928368589254E-004   1.9973999999999999E-002
         195   974.99996613907444        4.6942980757743941E-003   248.93010758165039        1.5755952418089088E-005  -2.4368976097867325E-004   1.9973999999999999E-002
         196   979.99996596542860        4.6942980754328956E-003   248.97567456283696        1.5759038099809863E-005  -2.4857118615405105E-004   1.9973999999999999E-002
         197   984.99996579178276        4.6942980740471915E-003   249.02196800393094        1.5762172675924956E-005  -2.5352324275868015E-004   1.9973999999999999E-002
         198   989.99996561813703        4.6942980715717498E-003   249.06898769784144        1.5765356116987342E-005  -2.5854553844744559E-004   1.9973999999999999E-002
         199   994.99996544449129        4.6942980679608066E-003   249.11673277738842        1.5768588348526137E-005  -2.6363760237944889E-004   1.9973999999999999E-002
         200   999.99996527084556        4.6942980631684717E-003   249.16520168728124        1.5771869249167222E-005  -2.6879888265231224E-004   1.9973999999999999E-002
         201   1004.9999650971997        4.6942980571488321E-003   249.21439215601964        1.5775198648750942E-005  -2.7402874378414999E-004   1.9973999999999999E-002
         202   1009.9999649235539        4.6942980498560815E-003   249.26430116778604        1.5778576326451678E-005  -2.7932646425295979E-004   1.9973999999999999E-002
         203   1014.9999647499083        4.6942980412446296E-003   249.31492493439887        1.5782002008904062E-005  -2.8469123410354178E-004   1.9973999999999999E-002
         204   1019.9999645762624        4.6942980312692445E-003   249.36625886740521        1.5785475368341264E-005  -2.9012215263238831E-004   1.9973999999999999E-002
         205   1024.9999644026166        4.6942980198851816E-003   249.41829755039026        1.5788996020750698E-005  -2.9561822616132034E-004   1.9973999999999999E-002
         206   1029.9999642289708        4.6942980070483328E-003   249.47103471158954        1.5792563524053027E-005  -3.0117836591090231E-004   1.9973999999999999E-002
         207   1034.9999640553251        4.6942979927153726E-003   249.52446319688960        1.5796177376310379E-005  -3.0680138598492842E-004   1.9973999999999999E-002
         208   1039.9999638816794        4.6942979768439105E-003   249.57857494331003        1.5799837013970089E-005  -3.1248600147745455E-004   1.9973999999999999E-002
         209   1044.9999637080334        4.6942979593926635E-003   249.63336095306093        1.5803541810150477E-005  -3.1823082671402956E-004   1.9973999999999999E-002
         210   1049.9999635343877        4.6942979403216036E-003   249.68881126827353        1.5807291072975238E-005  -3.2403437363884557E-004   1.9973999999999999E-002
         211   1054.9999633607420        4.6942979195921473E-003   249.74491494650678        1.5811084043963522E-005  -3.2989505035961971E-004   1.9973999999999999E-002
         212   1059.9999631870962        4.6942978971673188E-003   249.80166003713225        1.5814919896482607E-005  -3.3581115986196371E-004   1.9973999999999999E-002
         213   1064.9999630134505        4.6942978730119328E-003   249.85903355870508        1.5818797734270514E-005  -3.4178089890495841E-004   1.9973999999999999E-002
         214   1069.9999628398045        4.6942978470927710E-003   249.91702147742944        1.5822716590035884E-005  -3.4780235710948676E-004   1.9973999999999999E-002
         215   1074.9999626661590        4.6942978193787793E-003   249.97560868683018        1.5826675424142628E-005  -3.5387351625066845E-004   1.9973999999999999E-002
         216   1079.9999624925131        4.6942977898412393E-003   250.03477898874078        1.5830673123386839E-005  -3.5999224976546266E-004   1.9973999999999999E-002
         217   1084.9999623188673        4.6942977584539620E-003   250.09451507572334        1.5834708499873690E-005  -3.6615632248611010E-004   1.9973999999999999E-002
         218   1089.9999621452216        4.6942977251934800E-003   250.15479851503332        1.5838780290001848E-005  -3.7236339060967282E-004   1.9973999999999999E-002
         219   1094.9999619715759        4.6942976900392272E-003   250.21560973424249        1.5842887153563060E-005  -3.7861100191337018E-004   1.9973999999999999E-002
         220   1099.9999617979302        4.6942976529737281E-003   250.27692800863471        1.5847027672964475E-005  -3.8489659622479916E-004   1.9973999999999999E-002
         221   1104.9999616242842        4.6942976139827770E-003   250.33873145048682        1.5851200352581183E-005  -3.9121750615543253E-004   1.9973999999999999E-002
         222   1109.9999614506385        4.6942975730556264E-003   250.40099700034563        1.5855403618246291E-005  -3.9757095810498763E-004   1.9973999999999999E-002
         223   1114.9999612769927        4.6942975301851528E-003   250.46370042040979        1.5859635816885729E-005  -4.0395407354338432E-004   1.9973999999999999E-002
         224   1119.9999611033470        4.6942974853680349E-003   250.52681629012389        1.5863895216304759E-005  -4.1036387057604080E-004   1.9973999999999999E-002
         225   1124.9999609297010        4.6942974386049103E-003   250.59031800408601        1.5868180005132871E-005  -4.1679726579722136E-004   1.9973999999999999E-002
         226   1129.9999607560553        4.6942973899005373E-003   250.65417777236965        1.5872488292933502E-005  -4.2325107643499953E-004   1.9973999999999999E-002
         227   1134.9999605824096        4.6942973392639408E-003   250.71836662335286        1.5876818110484605E-005  -4.2972202279021888E-004   1.9973999999999999E-002
         228   1139.9999604087639        4.6942972867085502E-003   250.78285440914408        1.5881167410235796E-005  -4.3620673097050718E-004   1.9973999999999999E-002
         229   1144.9999602351181        4.6942972322523268E-003   250.84760981368817        1.5885534066947264E-005  -4.4270173591910646E-004   1.9973999999999999E-002
         230   1149.9999600614722        4.6942971759178793E-003   250.91260036362860        1.5889915878515295E-005  -4.4920348473681597E-004   1.9973999999999999E-002
         231   1154.9999598878267        4.6942971177325625E-003   250.97779244199489        1.5894310566988515E-005  -4.5570834029389623E-004   1.9973999999999999E-002
         232   1159.9999597141807        4.6942970577285754E-003   251.04315130477778        1.5898715779778750E-005  -4.6221258512729231E-004   1.9973999999999999E-002
         233   1164.9999595405350        4.6942969959430265E-003   251.10864110044332        1.5903129091069367E-005  -4.6871242561693360E-004   1.9973999999999999E-002
         234   1169.9999593668892        4.6942969324179958E-003   251.17422489243134        1.5907548003423695E-005  -4.7520399643333352E-004   1.9973999999999999E-002
         235   1174.9999591932435        4.6942968672005741E-003   251.23986468467132        1.5911969949595259E-005  -4.8168336524710513E-004   1.9973999999999999E-002
         236   1179.9999590195978        4.6942968003428915E-003   251.30552145014033        1.5916392294540844E-005  -4.8814653768940273E-004   1.9973999999999999E-002
         237   1184.9999588459518        4.6942967319021194E-003   251.37115516247695        1.5920812337636828E-005  -4.9458946255073570E-004   1.9973999999999999E-002
         238   1189.9999586723061        4.6942966619404605E-003   251.43672483065251        1.5925227315098223E-005  -5.0100803720402496E-004   1.9973999999999999E-002
         239   1194.9999584986604        4.6942965905251138E-003   251.50218853669193        1.5929634402599327E-005  -5.0739811323626644E-004   1.9973999999999999E-002
         240   1199.9999583250146        4.6942965177282281E-003   251.56750347642370        1.5934030718093956E-005  -5.1375550227166487E-004   1.9973999999999999E-002
         241   1204.9999581513687        4.6942964436268277E-003   251.63262600322500        1.5938413324832306E-005  -5.2007598196774480E-004   1.9973999999999999E-002
         242   1209.9999579777229        4.6942963683027188E-003   251.69751167471975        1.5942779234571028E-005  -5.2635530216459678E-004   1.9973999999999999E-002
         243   1214.9999578040772        4.6942962918423850E-003   251.76211530237100        1.5947125410971858E-005  -5.3258919116620242E-004   1.9973999999999999E-002
         244   1219.9999576304315        4.6942962143368475E-003   251.82639100389977        1.5951448773183610E-005  -5.3877336213169094E-004   1.9973999999999999E-002
         245   1224.9999574567858        4.6942961358815210E-003   251.89029225844891        1.5955746199601416E-005  -5.4490351955339066E-004   1.9973999999999999E-002
         246   1229.9999572831398        4.6942960565760352E-003   251.95377196439881        1.5960014531796349E-005  -5.5097536579771914E-004   1.9973999999999999E-002
         247   1234.9999571094943        4.6942959765240485E-003   252.01678249973023        1.5964250578607734E-005  -5.5698460768424782E-004   1.9973999999999999E-002
         248   1239.9999569358483        4.6942958958330425E-003   252.07927578481784        1.5968451120389735E-005  -5.6292696307782533E-004   1.9973999999999999E-002
         249   1244.9999567622026        4.6942958146140882E-003   252.14120334752639        1.5972612913403118E-005  -5.6879816746824817E-004   1.9973999999999999E-002
         250   1249.9999565885569        4.6942957329816053E-003   252.20251639047160        1.5976732694342312E-005  -5.7459398051187415E-004   1.9973999999999999E-002
         251   1254.9999564149111        4.6942956510531066E-003   252.26316586029748        1.5980807184987409E-005  -5.8031019250963281E-004   1.9973999999999999E-002
         252   1259.9999562412654        4.6942955689489177E-003   252.32310251881094        1.5984833096969887E-005  -5.8594263079609916E-004   1.9973999999999999E-002
         253   1264.9999560676195        4.6942954867918918E-003   252.38227701580811        1.5988807136640659E-005  -5.9148716601484534E-004   1.9973999999999999E-002
         254   1269.9999558939737        4.6942954047071118E-003   252.44063996341600        1.5992726010028187E-005  -5.9693971825589128E-004   1.9973999999999999E-002
         255   1274.9999557203280        4.6942953228215666E-003   252.49814201176699        1.5996586427874201E-005  -6.0229626303201869E-004   1.9973999999999999E-002
         256   1279.9999555466823        4.6942952412638511E-003   252.55473392581874        1.6000385110734226E-005  -6.0755283707178561E-004   1.9973999999999999E-002
         257   1284.9999553730363        4.6942951601638182E-003   252.61036666312151        1.6004118794129567E-005  -6.1270554390838909E-004   1.9973999999999999E-002
         258   1289.9999551993908        4.6942950796522486E-003   252.66499145233615        1.6007784233737382E-005  -6.1775055924501404E-004   1.9973999999999999E-002
         259   1294.9999550257448        4.6942949998605137E-003   252.71855987229853        1.6011378210605385E-005  -6.2268413607899310E-004   1.9973999999999999E-002
         260   1299.9999548520991        4.6942949209202306E-003   252.77102393142343        1.6014897536377190E-005  -6.2750260956895938E-004   1.9973999999999999E-002
         261   1304.9999546784534        4.6942948429629103E-003   252.82233614724066        1.6018339058514834E-005  -6.3220240163116724E-004   1.9973999999999999E-002
         262   1309.9999545048076        4.6942947661196199E-003   252.87244962585453        1.6021699665504622E-005  -6.3678002525331060E-004   1.9973999999999999E-002
         263   1314.9999543311619        4.6942946905206336E-003   252.92131814111715        1.6024976292032733E-005  -6.4123208851645289E-004   1.9973999999999999E-002
         264   1319.9999541575160        4.6942946162950965E-003   252.96889621330871        1.6028165924117175E-005  -6.4555529831800086E-004   1.9973999999999999E-002
         265   1324.9999539838702        4.6942945435706797E-003   253.01513918711740        1.6031265604182802E-005  -6.4974646379113948E-004   1.9973999999999999E-002
         266   1329.9999538102245        4.6942944724732531E-003   253.06000330871771        1.6034272436066534E-005  -6.5380249941858167E-004   1.9973999999999999E-002
         267   1334.9999536365788        4.6942944031265641E-003   253.10344580174649        1.6037183589940199E-005  -6.5772042784099916E-004   1.9973999999999999E-002
         268   1339.9999534629330        4.6942943356519202E-003   253.14542494198253        1.6039996307138675E-005  -6.6149738236299558E-004   1.9973999999999999E-002
         269   1344.9999532892871        4.6942942701678854E-003   253.18590013053952        1.6042707904881693E-005  -6.6513060916192207E-004   1.9973999999999999E-002
         270   1349.9999531156416        4.6942942067899765E-003   253.22483196538872        1.6045315780877893E-005  -6.6861746920721696E-004   1.9973999999999999E-002
         271   1354.9999529419956        4.6942941456303887E-003   253.26218231103465        1.6047817417800406E-005  -6.7195543990023658E-004   1.9973999999999999E-002
         272   1359.9999527683499        4.6942940867977208E-003   253.29791436617222        1.6050210387623610E-005  -6.7514211644669267E-004   1.9973999999999999E-002
         273   1364.9999525947039        4.6942940303967128E-003   253.33199272916360        1.6052492355811437E-005  -6.7817521297583330E-004   1.9973999999999999E-002
         274   1369.9999524210584        4.6942939765280065E-003   253.36438346117887        1.6054661085348016E-005  -6.8105256342231989E-004   1.9973999999999999E-002
         275   1374.9999522474125        4.6942939252879057E-003   253.39505414685371        1.6056714440602070E-005  -6.8377212218835820E-004   1.9973999999999999E-002
         276   1379.9999520737667        4.6942938767681680E-003   253.42397395232621        1.6058650391017231E-005  -6.8633196460505435E-004   1.9973999999999999E-002
         277   1384.9999519001210        4.6942938310557897E-003   253.45111368052142        1.6060467014620676E-005  -6.8873028721312495E-004   1.9973999999999999E-002
         278   1389.9999517264753        4.6942937882328275E-003   253.47644582356332        1.6062162501343426E-005  -6.9096540788393028E-004   1.9973999999999999E-002
         279   1394.9999515528295        4.6942937483762182E-003   253.49994461220101        1.6063735156146061E-005  -6.9303576580246869E-004   1.9973999999999999E-002
         280   1399.9999513791836        4.6942937115576153E-003   253.52158606214397        1.6065183401944032E-005  -6.9493992133424110E-004   1.9973999999999999E-002
         281   1404.9999512055379        4.6942936778432481E-003   253.54134801721261        1.6066505782327650E-005  -6.9667655579798123E-004   1.9973999999999999E-002
         282   1409.9999510318921        4.6942936472937841E-003   253.55921018921467        1.6067700964071923E-005  -6.9824447116592886E-004   1.9973999999999999E-002
         283   1414.9999508582464        4.6942936199642089E-003   253.57515419446977        1.6068767739432259E-005  -6.9964258971281980E-004   1.9973999999999999E-002
         284   1419.9999506846007        4.6942935959037235E-003   253.58916358691090        1.6069705028222345E-005  -7.0086995363390341E-004   1.9973999999999999E-002
         285   1424.9999505109547        4.6942935751556466E-003   253.60122388769884        1.6070511879670968E-005  -7.0192572465118666E-004   1.9973999999999999E-002
         286   1429.9999503373092        4.6942935577573364E-003   253.61132261129555        1.6071187474055108E-005  -7.0280918362575098E-004   1.9973999999999999E-002
         287   1434.9999501636632        4.6942935437401211E-003   253.61944928794694        1.6071731124106822E-005  -7.0351973019232934E-004   1.9973999999999999E-002
         288   1439.9999499900175        4.6942935331292365E-003   253.62559548253498        1.6072142276192036E-005  -7.0405688243053760E-004   1.9973999999999999E-002
         289   1444.9999498163716        4.6942935259437889E-003   253.62975480976570        1.6072420511259566E-005  -7.0442027658507318E-004   1.9973999999999999E-002
         290   1449.9999496427261        4.6942935221967142E-003   253.63192294566525        1.6072565545559109E-005  -7.0460966684502714E-004   1.9973999999999999E-002
         291   1454.9999494690801        4.6942935218947639E-003   253.63209763536457        1.6072577231127237E-005  -7.0462492519005992E-004   1.9973999999999999E-002
         292   1459.9999492954344        4.6942935250384767E-003   253.63027869715864        1.6072455556040761E-005  -7.0446604130879672E-004   1.9973999999999999E-002
         293   1464.9999491217886        4.6942935316221946E-003   253.62646802283379        1.6072200644437149E-005  -7.0413312259220333E-004   1.9973999999999999E-002
         294   1469.9999489481429        4.6942935416340627E-003   253.62066957426174        1.6071812756301967E-005  -7.0362639420219080E-004   1.9973999999999999E-002
         295   1474.9999487744972        4.6942935550560554E-003   253.61288937626725        1.6071292287023607E-005  -7.0294619921309348E-004   1.9973999999999999E-002
         296   1479.9999486008512        4.6942935718640045E-003   253.60313550578070        1.6070639766715872E-005  -7.0209299882113287E-004   1.9973999999999999E-002
         297   1484.9999484272055        4.6942935920276469E-003   253.59141807729563        1.6069855859309382E-005  -7.0106737261453112E-004   1.9973999999999999E-002
         298   1489.9999482535598        4.6942936155106776E-003   253.57774922465646        1.6068941361412929E-005  -6.9987001889452950E-004   1.9973999999999999E-002
         299   1494.9999480799140        4.6942936422708151E-003   253.56214307920868        1.6067897200946411E-005  -6.9850175503537160E-004   1.9973999999999999E-002
         300   1499.9999479062683        4.6942936722598853E-003   253.54461574435206        1.6066724435547237E-005  -6.9696351786920486E-004   1.9973999999999999E-002
         301   1504.9999477326223        4.6942937054239063E-003   253.52518526654214        1.6065424250752502E-005  -6.9525636408002546E-004   1.9973999999999999E-002
         302   1509.9999475589768        4.6942937417031967E-003   253.50387160279595        1.6063997957959629E-005  -6.9338147058906757E-004   1.9973999999999999E-002
         303   1514.9999473853309        4.6942937810324960E-003   253.48069658476246        1.6062446992168614E-005  -6.9134013491268837E-004   1.9973999999999999E-002
         304   1519.9999472116851        4.6942938233410910E-003   253.45568387942745        1.6060772909509373E-005  -6.8913377547257502E-004   1.9973999999999999E-002
         305   1524.9999470380392        4.6941397974022510E-003   253.42272113316255        1.6060151065062093E-005  -7.2425003826042972E-004   1.9973999999999999E-002
         306   1529.9999468643937        4.6938131047941202E-003   253.38170773650407        1.6057473891952005E-005  -7.2226005285074522E-004   1.9973999999999999E-002
         307   1534.9999466907477        4.6934802573672810E-003   253.33867456517251        1.6054662568018282E-005  -7.2011665439533829E-004   1.9973999999999999E-002
         308   1539.9999465171020        4.6931411600394848E-003   253.29364743877312        1.6051718806868437E-005  -7.1782177290071196E-004   1.9973999999999999E-002
         309   1544.9999463434563        4.6927957170556662E-003   253.24665370282790        1.6048644423554107E-005  -7.1537745654797066E-004   1.9973999999999999E-002
         310   1549.9999461698105        4.6924438320138095E-003   253.19772217134536        1.6045441330914952E-005  -7.1278587113106069E-004   1.9973999999999999E-002
         311   1554.9999459961648        4.6920854078922151E-003   253.14688306684263        1.6042111535753134E-005  -7.1004929929635217E-004   1.9973999999999999E-002
         312   1559.9999458225188        4.6917203470782046E-003   253.09416795796264        1.6038657134846624E-005  -7.0717013956478466E-004   1.9973999999999999E-002
         313   1564.9999456488731        4.6913485513982731E-003   253.03960969483555        1.6035080310810029E-005  -7.0415090511916469E-004   1.9973999999999999E-002
         314   1569.9999454752274        4.6909699221497625E-003   252.98324234234320        1.6031383327812336E-005  -7.0099422234078546E-004   1.9973999999999999E-002
         315   1574.9999453015816        4.6905843601340444E-003   252.92510111145242        1.6027568527161469E-005  -6.9770282908139818E-004   1.9973999999999999E-002
         316   1579.9999451279359        4.6901917656912723E-003   252.86522228878994        1.6023638322766103E-005  -6.9427957265849811E-004   1.9973999999999999E-002
         317   1584.9999449542900        4.6897920387367368E-003   252.80364316464028        1.6019595196485780E-005  -6.9072740756407247E-004   1.9973999999999999E-002
         318   1589.9999447806442        4.6893850787988337E-003   252.74040195955206        1.6015441693380748E-005  -6.8704939287921464E-004   1.9973999999999999E-002
         319   1594.9999446069985        4.6889707850586862E-003   252.67553774974510        1.6011180416873478E-005  -6.8324868938935226E-004   1.9973999999999999E-002
         320   1599.9999444333530        4.6885490563914611E-003   252.60909039151699        1.6006814023834280E-005  -6.7932855639732197E-004   1.9973999999999999E-002
         321   1604.9999442597068        4.6881197914093922E-003   252.54110044484918        1.6002345219603714E-005  -6.7529234823394610E-004   1.9973999999999999E-002
         322   1609.9999440860613        4.6876828885065221E-003   252.47160909641869        1.5997776752964862E-005  -6.7114351046828821E-004   1.9973999999999999E-002
         323   1614.9999439124156        4.6872382459052396E-003   252.40065808222391        1.5993111411078901E-005  -6.6688557582220880E-004   1.9973999999999999E-002
         324   1619.9999437387696        4.6867857617045689E-003   252.32828961003327        1.5988352014397398E-005  -6.6252215979629059E-004   1.9973999999999999E-002
         325   1624.9999435651239        4.6863253339302913E-003   252.25454628186847        1.5983501411565215E-005  -6.5805695601652068E-004   1.9973999999999999E-002
         326   1629.9999433914779        4.6858568605868756E-003   252.17947101673215        1.5978562474327665E-005  -6.5349373131340534E-004   1.9973999999999999E-002
         327   1634.9999432178324        4.6853802397112641E-003   252.10310697379001        1.5973538092455899E-005  -6.4883632054731142E-004   1.9973999999999999E-002
         328   1639.9999430441867        4.6848953694285135E-003   252.02549747621515        1.5968431168704229E-005  -6.4408862119584998E-004   1.9973999999999999E-002
         329   1644.9999428705407        4.6844021480093147E-003   251.94668593589853        1.5963244613813051E-005  -6.3925458772092901E-004   1.9973999999999999E-002
         330   1649.9999426968950        4.6839004739293840E-003   251.86671577922687        1.5957981341570945E-005  -6.3433822573483059E-004   1.9973999999999999E-002
         331   1654.9999425232495        4.6833902459307766E-003   251.78563037412385        1.5952644263949162E-005  -6.2934358598610391E-004   1.9973999999999999E-002
         332   1659.9999423496035        4.6828713630850697E-003   251.70347295854350        1.5947236286321355E-005  -6.2427475818740605E-004   1.9973999999999999E-002
         333   1664.9999421759578        4.6823437248584652E-003   251.62028657059977        1.5941760302781242E-005  -6.1913586470849571E-004   1.9973999999999999E-002
         334   1669.9999420023119        4.6818072311787962E-003   251.53611398050813        1.5936219191570216E-005  -6.1393105415848300E-004   1.9973999999999999E-002
         335   1674.9999418286661        4.6812617825044214E-003   251.45099762450479        1.5930615810626499E-005  -6.0866449488211985E-004   1.9973999999999999E-002
         336   1679.9999416550206        4.6807072798950317E-003   251.36497954090436        1.5924952993267032E-005  -6.0334036839537611E-004   1.9973999999999999E-002
         337   1684.9999414813744        4.6801436250843310E-003   251.27810130844148        1.5919233544012340E-005  -5.9796286278583340E-004   1.9973999999999999E-002
         338   1689.9999413077289        4.6795707205545874E-003   251.19040398703649        1.5913460234564365E-005  -5.9253616610345516E-004   1.9973999999999999E-002
         339   1694.9999411340832        4.6789884696130397E-003   251.10192806111081        1.5907635799946202E-005  -5.8706445976718351E-004   1.9973999999999999E-002
         340   1699.9999409604372        4.6783967764701465E-003   251.01271338556916        1.5901762934812246E-005  -5.8155191201248249E-004   1.9973999999999999E-002
         341   1704.9999407867917        4.6777955463196304E-003   250.92279913455130        1.5895844289936276E-005  -5.7600267140442917E-004   1.9973999999999999E-002
         342   1709.9999406131456        4.6771846854203099E-003   250.83222375304615        1.5889882468884266E-005  -5.7042086044029646E-004   1.9973999999999999E-002
         343   1714.9999404395001        4.6765641011796777E-003   250.74102491144791        1.5883880024878039E-005  -5.6481056926474343E-004   1.9973999999999999E-002
         344   1719.9999402658543        4.6759337022391854E-003   250.64923946312129        1.5877839457854843E-005  -5.5917584951975096E-004   1.9973999999999999E-002
         345   1724.9999400922084        4.6752933985611984E-003   250.55690340503145        1.5871763211727278E-005  -5.5352070835035455E-004   1.9973999999999999E-002
         346   1729.9999399185626        4.6746431015175600E-003   250.46405184148040        1.5865653671847043E-005  -5.4784910258600240E-004   1.9973999999999999E-002
         347   1734.9999397449171        4.6739827239797331E-003   250.37071895098086        1.5859513162675214E-005  -5.4216493311606698E-004   1.9973999999999999E-002
         348   1739.9999395712712        4.6733121804104528E-003   250.27693795628622        1.5853343945661000E-005  -5.3647203947664566E-004   1.9973999999999999E-002
         349   1744.9999393976254        4.6726313869568260E-003   250.18274109758127        1.5847148217329817E-005  -5.3077419466431356E-004   1.9973999999999999E-002
         350   1749.9999392239795        4.6719402615448113E-003   250.08815960883035        1.5840928107581210E-005  -5.2507510019100345E-004   1.9973999999999999E-002
         351   1754.9999390503338        4.6712387239750139E-003   249.99322369726499        1.5834685678195867E-005  -5.1937838139260307E-004   1.9973999999999999E-002
         352   1759.9999388766882        4.6705266960197118E-003   249.89796252598444        1.5828422921550592E-005  -5.1368758300231415E-004   1.9973999999999999E-002
         353   1764.9999387030421        4.6698041015210455E-003   249.80240419963175        1.5822141759539263E-005  -5.0800616499820713E-004   1.9973999999999999E-002
         354   1769.9999385293966        4.6690708664902580E-003   249.70657575309724        1.5815844042696992E-005  -5.0233749873284587E-004   1.9973999999999999E-002
         355   1774.9999383557508        4.6683269192079151E-003   249.61050314319252        1.5809531549524232E-005  -4.9668486335126120E-004   1.9973999999999999E-002
         356   1779.9999381821049        4.6675721903250067E-003   249.51421124323099        1.5803205986006942E-005  -4.9105144250203734E-004   1.9973999999999999E-002
         357   1784.9999380084594        4.6668066129648116E-003   249.41772384043932        1.5796868985328159E-005  -4.8544032134473599E-004   1.9973999999999999E-002
         358   1789.9999378348132        4.6660301228254345E-003   249.32106363612061        1.5790522107766041E-005  -4.7985448385545656E-004   1.9973999999999999E-002
         359   1794.9999376611677        4.6652426582828839E-003   249.22425224847953        1.5784166840772748E-005  -4.7429681043088985E-004   1.9973999999999999E-002
         360   1799.9999374875219        4.6644441604945987E-003   249.12731021801778        1.5777804599228286E-005  -4.6877007578991327E-004   1.9973999999999999E-002
         361   1804.9999373138760        4.6636345735032786E-003   249.03025701539818        1.5771436725862815E-005  -4.6327694717044753E-004   1.9973999999999999E-002
         362   1809.9999371402303        4.6628138443408828E-003   248.93311105167274        1.5765064491840635E-005  -4.5781998281815145E-004   1.9973999999999999E-002
         363   1814.9999369665848        4.6619819231326996E-003   248.83588969076854        1.5758689097498983E-005  -4.5240163076234503E-004   1.9973999999999999E-002
         364   1819.9999367929388        4.6611387632013177E-003   248.73860926411626        1.5752311673234043E-005  -4.4702422787355674E-004   1.9973999999999999E-002
         365   1824.9999366192931        4.6602843211703575E-003   248.64128508730701        1.5745933280526773E-005  -4.4168999919606838E-004   1.9973999999999999E-002
         366   1829.9999364456471        4.6594185570678444E-003   248.54393147866111        1.5739554913100784E-005  -4.3640105754802879E-004   1.9973999999999999E-002
         367   1834.9999362720014        4.6585414344290366E-003   248.44656177958706        1.5733177498204258E-005  -4.3115940338084069E-004   1.9973999999999999E-002
         368   1839.9999360983559        4.6576529203985811E-003   248.34918837661206        1.5726801898008043E-005  -4.2596692488886537E-004   1.9973999999999999E-002
         369   1844.9999359247097        4.6567529858318208E-003   248.25182272496193        1.5720428911111768E-005  -4.2082539835986186E-004   1.9973999999999999E-002
         370   1849.9999357510642        4.6558416053951064E-003   248.15447537356917        1.5714059274149915E-005  -4.1573648875602902E-004   1.9973999999999999E-002
         371   1854.9999355774185        4.6549187576649369E-003   248.05715599138881        1.5707693663489784E-005  -4.1070175051507340E-004   1.9973999999999999E-002
         372   1859.9999354037725        4.6539844252257668E-003   247.95987339490060        1.5701332697013193E-005  -4.0572262856036301E-004   1.9973999999999999E-002
         373   1864.9999352301270        4.6530385947662961E-003   247.86263557667948        1.5694976935974001E-005  -4.0080045950889809E-004   1.9973999999999999E-002
         374   1869.9999350564808        4.6520812571740943E-003   247.76544973491778        1.5688626886923620E-005  -3.9593647306565387E-004   1.9973999999999999E-002
         375   1874.9999348828353        4.6511124076283649E-003   247.66832230378245        1.5682283003696571E-005  -3.9113179359265662E-004   1.9973999999999999E-002
         376   1879.9999347091896        4.6501320456906782E-003   247.57125898449542        1.5675945689448651E-005  -3.8638744184109379E-004   1.9973999999999999E-002
         377   1884.9999345355436        4.6491401753934831E-003   247.47426477702638        1.5669615298740068E-005  -3.8170433683472793E-004   1.9973999999999999E-002
